0.0001 -1000 0
1.0001 -1000 0
2.5000999999999998 -1000 0
4.7501 -1000 0
8.1251 -1000 0
13.1876 -1000 0
20.78135 -1000 0
32.171975 -1000 0
49.2579125 -1000 0
74.88681875 -1000 0
113.330178125 -1000 0
170.9952171875 -1000 0
257.49277578125 -1000 0
387.239113671875 -1000 0
581.8586205078125 -1000 0
1000 -1000 0
0.0001 -810 0.0014276405019792804
1.0001 -810 0.001427636569659822
2.5000999999999998 -810 0.0014276200925231145
4.7501 -810 0.001427570272217502
8.1251 -810 0.001427438764476695
13.1876 -810 0.001427113615810923
20.78135 -810 0.0014263382840438534
32.171975 -810 0.0014245294402181943
49.2579125 -810 0.0014203703494304878
74.88681875 -810 0.0014109166398975962
113.330178125 -810 0.0013896936858646437
170.9952171875 -810 0.0013429483505820528
257.49277578125 -810 0.0012435816555320203
387.239113671875 -810 0.0010463667158825878
581.8586205078125 -810 0.0007003584049952995
1000 -810 0
0.0001 -660 0.00285927925260057
1.0001 -660 0.002859270048327676
2.5000999999999998 -660 0.002859231675820763
4.7501 -660 0.002859115676586097
8.1251 -660 0.0028588094345872034
13.1876 -660 0.0028580523134011937
20.78135 -660 0.002856247199312795
32.171975 -660 0.0028520377649225983
49.2579125 -660 0.002842368786716214
74.88681875 -660 0.002820441091879649
113.330178125 -660 0.002771462983314638
170.9952171875 -660 0.002664743239547297
257.49277578125 -660 0.0024427442625587067
387.239113671875 -660 0.0020188957737096017
581.8586205078125 -660 0.001317541095984195
1000 -660 0
0.0001 -600 0.003588187722218505
1.0001 -600 0.003588175084307395
2.5000999999999998 -600 0.003588122292909567
4.7501 -600 0.003587962798606952
8.1251 -600 0.0035875417672941432
13.1876 -600 0.0035865008287892476
20.78135 -600 0.003584019414227186
32.171975 -600 0.0035782345726310706
49.2579125 -600 0.003564956034628959
74.88681875 -600 0.003534889048247645
113.330178125 -600 0.0034679594296499502
170.9952171875 -600 0.003323172228062426
257.49277578125 -600 0.003026223809632666
387.239113671875 -600 0.002473075581514538
581.8586205078125 -600 0.001589658340183854
1000 -600 0
0.0001 -539.23 0.004468498458603493
1.0001 -539.23 0.004468480806901508
2.5000999999999998 -539.23 0.004468407067143549
4.7501 -539.23 0.004468184228784532
8.1251 -539.23 0.004467596067264365
13.1876 -539.23 0.004466142057712037
20.78135 -539.23 0.004462676513683363
32.171975 -539.23 0.004454600783695743
49.2579125 -539.23 0.00443608153270673
74.88681875 -539.23 0.004394238252923833
113.330178125 -539.23 0.004301533465350108
170.9952171875 -539.23 0.004102959976874476
257.49277578125 -539.23 0.0037033926324728044
387.239113671875 -539.23 0.0029826915240423546
581.8586205078125 -539.23 0.0018817943902947423
1000 -539.23 0
0.0001 -499.3 0.005150968763587108
1.0001 -499.3 0.005150946487679203
2.5000999999999998 -499.3 0.005150853394114322
4.7501 -499.3 0.005150572117671942
8.1251 -499.3 0.005149829689477914
13.1876 -499.3 0.00514799445676374
20.78135 -499.3 0.005143620985240677
32.171975 -499.3 0.00513343328723622
49.2579125 -499.3 0.005110090552254611
74.88681875 -499.3 0.005057448510524147
113.330178125 -499.3 0.004941298112199917
170.9952171875 -499.3 0.0046946139401260615
257.49277578125 -499.3 0.004206174423269725
387.239113671875 -499.3 0.0033481715101260838
581.8586205078125 -499.3 0.0020825895874256044
1000 -499.3 0
0.0001 -463 0.0058642059339966985
1.0001 -463 0.005864178046283792
2.5000999999999998 -463 0.005864061489550904
4.7501 -463 0.0058637093474689685
8.1251 -463 0.005862779869007687
13.1876 -463 0.005860482458552333
20.78135 -463 0.005855008568121124
32.171975 -463 0.0058422629561025235
49.2579125 -463 0.005813087685209998
74.88681875 -463 0.005747434810614754
113.330178125 -463 0.005603255838266363
170.9952171875 -463 0.005299971992903186
257.49277578125 -463 0.004710097564637064
387.239113671875 -463 0.0037030941356319684
581.8586205078125 -463 0.0022707249156154632
1000 -463 0
0.0001 -430 0.006608616119766508
1.0001 -430 0.006608581433765663
2.5000999999999998 -430 0.006608436490583314
4.7501 -430 0.0066079985538333216
8.1251 -430 0.006606842692542135
13.1876 -430 0.006603985957966269
20.78135 -430 0.006597180836683186
32.171975 -430 0.006581343241862541
49.2579125 -430 0.00654513050017441
74.88681875 -430 0.006463842632776412
113.330178125 -430 0.006286275264068522
170.9952171875 -430 0.005916754274129932
257.49277578125 -430 0.005212012803317045
387.239113671875 -430 0.00404505942326021
581.8586205078125 -430 0.002445799677534599
1000 -430 0
0.0001 -400 0.007384011786354393
1.0001 -400 0.007383968900583155
2.5000999999999998 -400 0.007383789714599029
4.7501 -400 0.007383248307843459
8.1251 -400 0.007381819399684081
13.1876 -400 0.007378288203624182
20.78135 -400 0.007369878417234532
32.171975 -400 0.007350317091165542
49.2579125 -400 0.007305646348662439
74.88681875 -400 0.0072056528077128045
113.330178125 -400 0.006988525595016115
170.9952171875 -400 0.0065420358382820435
257.49277578125 -400 0.00570845350141641
387.239113671875 -400 0.004371873547937757
581.8586205078125 -400 0.002607698723405102
1000 -400 0
0.0001 -370.76907800000004 0.007439618861802003
1.0001 -370.76907800000004 0.007439574651921344
2.5000999999999998 -370.76907800000004 0.007439389933627683
4.7501 -370.76907800000004 0.0074388318142457515
8.1251 -370.76907800000004 0.007437358818240054
13.1876 -370.76907800000004 0.007433718798232532
20.78135 -370.76907800000004 0.007425050569596534
32.171975 -370.76907800000004 0.007404892039308895
49.2579125 -370.76907800000004 0.007358877838055483
74.88681875 -370.76907800000004 0.00725597648641137
113.330178125 -370.76907800000004 0.007032981023726624
170.9952171875 -370.76907800000004 0.006576136323834436
257.49277578125 -370.76907800000004 0.005728289025846697
387.239113671875 -370.76907800000004 0.004378851483949866
581.8586205078125 -370.76907800000004 0.0026086339487772893
1000 -370.76907800000004 0
0.0001 -338.88098 0.007631307699124685
1.0001 -338.88098 0.0076312587494128765
2.5000999999999998 -338.88098 0.007631054228657453
4.7501 -338.88098 0.007630436287936843
8.1251 -338.88098 0.007628805489654662
13.1876 -338.88098 0.007624775999353023
20.78135 -338.88098 0.007615183057064866
32.171975 -338.88098 0.007592888919337866
49.2579125 -338.88098 0.0075420765950274336
74.88681875 -338.88098 0.007428818561790253
113.330178125 -338.88098 0.007185038408675235
170.9952171875 -338.88098 0.006691890099653871
257.49277578125 -338.88098 0.005794830564195234
387.239113671875 -338.88098 0.004401948428889805
581.8586205078125 -338.88098 0.0026116865289147343
1000 -338.88098 0
0.0001 -309.89180000000005 0.007936350248564962
1.0001 -309.89180000000005 0.007936293198750185
2.5000999999999998 -309.89180000000005 0.007936054836302046
4.7501 -309.89180000000005 0.00793533466672356
8.1251 -309.89180000000005 0.007933434221950452
13.1876 -309.89180000000005 0.00792873935546212
20.78135 -309.89180000000005 0.007917567388544816
32.171975 -309.89180000000005 0.007891630626971775
49.2579125 -309.89180000000005 0.007832654978959144
74.88681875 -309.89180000000005 0.007701872226970188
113.330178125 -309.89180000000005 0.00742330638310555
170.9952171875 -309.89180000000005 0.00687060236189301
257.49277578125 -309.89180000000005 0.0058952984240050865
387.239113671875 -309.89180000000005 0.004436023752147075
581.8586205078125 -309.89180000000005 0.0026161363298330027
1000 -309.89180000000005 0
0.0001 -283.53800000000007 0.008339462026738773
1.0001 -283.53800000000007 0.00833939318662901
2.5000999999999998 -283.53800000000007 0.008339105566040735
4.7501 -283.53800000000007 0.008338236603940641
8.1251 -283.53800000000007 0.00833594373980711
13.1876 -283.53800000000007 0.008330280832479038
20.78135 -283.53800000000007 0.008316813205520834
32.171975 -283.53800000000007 0.008285589285623469
49.2579125 -283.53800000000007 0.008214808156264037
74.88681875 -283.53800000000007 0.008058880169046061
113.330178125 -283.53800000000007 0.007731180547222748
170.9952171875 -283.53800000000007 0.007096699037062334
257.49277578125 -283.53800000000007 0.006018543243381922
387.239113671875 -283.53800000000007 0.0044765664561114415
581.8586205078125 -283.53800000000007 0.0026213593042057723
1000 -283.53800000000007 0
0.0001 -259.58000000000004 0.008831295889993462
1.0001 -259.58000000000004 0.008831210903872743
2.5000999999999998 -259.58000000000004 0.00883085582922604
4.7501 -259.58000000000004 0.008829783122780077
8.1251 -259.58000000000004 0.008826952995915903
13.1876 -259.58000000000004 0.008819965257347576
20.78135 -259.58000000000004 0.008803358774384724
32.171975 -259.58000000000004 0.00876492117474429
49.2579125 -259.58000000000004 0.008678109617155242
74.88681875 -259.58000000000004 0.008488382684125056
113.330178125 -259.58000000000004 0.008095953714432351
170.9952171875 -259.58000000000004 0.007357500437795878
257.49277578125 -259.58000000000004 0.006155444653087727
387.239113671875 -259.58000000000004 0.004520037435413449
581.8586205078125 -259.58000000000004 0.002626881279616204
1000 -259.58000000000004 0
0.0001 -237.8 0.009406281340586426
1.0001 -237.8 0.009406174876232397
2.5000999999999998 -237.8 0.009405730072611907
4.7501 -237.8 0.009404386360679248
8.1251 -237.8 0.009400841747223658
13.1876 -237.8 0.009392093019382545
20.78135 -237.8 0.009371319134256394
32.171975 -237.8 0.009323329503610952
49.2579125 -237.8 0.009215416184747388
74.88681875 -237.8 0.008981749090879685
113.330178125 -237.8 0.008507189870038023
170.9952171875 -237.8 0.007642263963813787
257.49277578125 -237.8 0.0062986321056612395
387.239113671875 -237.8 0.0045638176956378914
581.8586205078125 -237.8 0.0026323682502412274
1000 -237.8 0
0.0001 -218 0.010061342365329276
1.0001 -218 0.01006120778394618
2.5000999999999998 -218 0.010060645519708405
4.7501 -218 0.010058947077022911
8.1251 -218 0.01005446746375466
13.1876 -218 0.010043415609408744
20.78135 -218 0.010017198982413017
32.171975 -218 0.009956774189567547
49.2579125 -218 0.009821584284860444
74.88681875 -218 0.009531955953413098
113.330178125 -218 0.008955734251810506
170.9952171875 -218 0.007941648448997456
257.49277578125 -218 0.006442283018939343
387.239113671875 -218 0.004606089675644707
581.8586205078125 -218 0.0026376023785862385
1000 -218 0
0.0001 -200 0.0107950900958988
1.0001 -200 0.01079491907779544
2.5000999999999998 -200 0.010794204603411142
4.7501 -200 0.010792046535485662
8.1251 -200 0.010786355785655163
13.1876 -200 0.010772322716702991
20.78135 -200 0.010739072655302785
32.171975 -200 0.010662639701937836
49.2579125 -200 0.010492629051117149
74.88681875 -200 0.010132788574247015
113.330178125 -200 0.009433114516965572
170.9952171875 -200 0.00824745144604706
257.49277578125 -200 0.00658196132633126
387.239113671875 -200 0.004645691794008889
581.8586205078125 -200 0.0026424547778333613
1000 -200 0
0.0001 -181.94342495775078 8.218711453058496
1.0001 -181.94342495775078 8.218264770097534
2.5000999999999998 -181.94342495775078 8.216398845557766
4.7501 -181.94342495775078 8.210764809492792
8.1251 -181.94342495775078 8.195921995091611
13.1876 -181.94342495775078 8.1594056661005
20.78135 -181.94342495775078 8.07336195667283
32.171975 -181.94342495775078 7.878080834191857
49.2579125 -181.94342495775078 7.455914868706242
74.88681875 -181.94342495775078 6.615190850749618
113.330178125 -181.94342495775078 5.170068000833422
170.9952171875 -181.94342495775078 3.23195061524759
257.49277578125 -181.94342495775078 1.4392330588350513
387.239113671875 -181.94342495775078 0.4033797077105447
581.8586205078125 -181.94342495775078 0.051272811117667245
1000 -181.94342495775078 0
0.0001 -164.49402268886433 16.57225073250543
1.0001 -164.49402268886433 16.571299240116655
2.5000999999999998 -164.49402268886433 16.567324668921255
4.7501 -164.49402268886433 16.55532454442724
8.1251 -164.49402268886433 16.523716162957392
13.1876 -164.49402268886433 16.445988581786004
20.78135 -164.49402268886433 16.263034727587304
32.171975 -164.49402268886433 15.848809513243818
49.2579125 -164.49402268886433 14.957872459895658
74.88681875 -164.49402268886433 13.200914383295146
113.330178125 -164.49402268886433 10.229696511065157
170.9952171875 -164.49402268886433 6.3312347552444015
257.49277578125 -164.49402268886433 2.7993008984431964
387.239113671875 -164.49402268886433 0.7810445995327833
581.8586205078125 -164.49402268886433 0.09736482796913416
1000 -164.49402268886433 0
0.0001 -148.6309297171494 24.926500207825583
1.0001 -148.6309297171494 24.924946386649644
2.5000999999999998 -148.6309297171494 24.918456008050452
4.7501 -148.6309297171494 24.898862298096816
8.1251 -148.6309297171494 24.847267806406336
13.1876 -148.6309297171494 24.720486359181567
20.78135 -148.6309297171494 24.422586894975527
32.171975 -148.6309297171494 23.75072319550197
49.2579125 -148.6309297171494 22.31734941711768
74.88681875 -148.6309297171494 19.533997361155887
113.330178125 -148.6309297171494 14.944126067003806
170.9952171875 -148.6309297171494 9.117417592161166
257.49277578125 -148.6309297171494 3.9948545200582264
387.239113671875 -148.6309297171494 1.111722147000211
581.8586205078125 -148.6309297171494 0.13776780296290356
1000 -148.6309297171494 0
0.0001 -134.20993610649944 33.55002105015454
1.0001 -134.20993610649944 33.547700330686105
2.5000999999999998 -134.20993610649944 33.53800708328842
4.7501 -134.20993610649944 33.50874887633927
8.1251 -134.20993610649944 33.43173785185446
13.1876 -134.20993610649944 33.24269602908338
20.78135 -134.20993610649944 32.799572458027065
32.171975 -134.20993610649944 31.805523645484982
49.2579125 -134.20993610649944 29.708248204349797
74.88681875 -134.20993610649944 25.719287998500242
113.330178125 -134.20993610649944 19.35455957762357
170.9952171875 -134.20993610649944 11.604384916494679
257.49277578125 -134.20993610649944 5.032515140222375
387.239113671875 -134.20993610649944 1.3973818404760279
581.8586205078125 -134.20993610649944 0.17271493132572355
1000 -134.20993610649944 0
0.0001 -121.09994191499949 42.66052498972507
1.0001 -121.09994191499949 42.65719219113337
2.5000999999999998 -121.09994191499949 42.64327260617755
4.7501 -121.09994191499949 42.601266285763664
8.1251 -121.09994191499949 42.49076162893937
13.1876 -121.09994191499949 42.219869252033895
20.78135 -121.09994191499949 41.5868876165274
32.171975 -121.09994191499949 40.1768006046923
49.2579125 -121.09994191499949 37.24385309427552
74.88681875 -121.09994191499949 31.80841510578866
113.330178125 -121.09994191499949 23.475349942560886
170.9952171875 -121.09994191499949 13.805971988167506
257.49277578125 -121.09994191499949 5.923680917705931
387.239113671875 -121.09994191499949 1.6415231223403133
581.8586205078125 -121.09994191499949 0.20261971569153328
1000 -121.09994191499949 0
0.0001 -109.18176537727226 52.45182094400417
1.0001 -109.18176537727226 52.447125110399575
2.5000999999999998 -109.18176537727226 52.427514459865755
4.7501 -109.18176537727226 52.36834948450522
8.1251 -109.18176537727226 52.21281610644289
13.1876 -109.18176537727226 51.832201031112156
20.78135 -109.18176537727226 50.94640908240307
32.171975 -109.18176537727226 48.99041295039033
49.2579125 -109.18176537727226 44.99315865579099
74.88681875 -109.18176537727226 37.81332409389322
113.330178125 -109.18176537727226 27.30411926239203
170.9952171875 -109.18176537727226 15.737298528836543
257.49277578125 -109.18176537727226 6.682284782947362
387.239113671875 -109.18176537727226 1.8483778105154467
581.8586205078125 -109.18176537727226 0.2279857685989457
1000 -109.18176537727226 0
0.0001 -98.34705943388387 63.11065294543786
1.0001 -98.34705943388387 63.104098478337896
2.5000999999999998 -98.34705943388387 63.07672886451893
4.7501 -98.34705943388387 62.99418311323553
8.1251 -98.34705943388387 62.77738029295004
13.1876 -98.34705943388387 62.24799042294172
20.78135 -98.34705943388387 61.0221682209111
32.171975 -98.34705943388387 58.344657330975075
49.2579125 -98.34705943388387 52.988815457087476
74.88681875 -98.34705943388387 43.71545049100787
113.330178125 -98.34705943388387 30.830180322450442
170.9952171875 -98.34705943388387 17.41567090528845
257.49277578125 -98.34705943388387 7.323225707522365
387.239113671875 -98.34705943388387 2.022388837869564
581.8586205078125 -98.34705943388387 0.24934596570645948
1000 -98.34705943388387 0
0.0001 -88.49732675807624 74.82862940041113
1.0001 -88.49732675807624 74.81951866216878
2.5000999999999998 -88.49732675807624 74.78148008096785
4.7501 -88.49732675807624 74.66680589867828
8.1251 -88.49732675807624 74.36595804721743
13.1876 -88.49732675807624 73.63336155941126
20.78135 -88.49732675807624 71.94763198617595
32.171975 -88.49732675807624 68.31441649104472
49.2579125 -88.49732675807624 61.23054238863445
74.88681875 -88.49732675807624 49.47323266683756
113.330178125 -88.49732675807624 34.041369826419526
170.9952171875 -88.49732675807624 18.860751277129264
257.49277578125 -88.49732675807624 7.861298719025008
387.239113671875 -88.49732675807624 2.1678903236642344
581.8586205078125 -88.49732675807624 0.26722331076223144
1000 -88.49732675807624 0
0.0001 -79.54302432552385 87.81195234114993
1.0001 -79.54302432552385 87.79930174598046
2.5000999999999998 -79.54302432552385 87.74649303825284
4.7501 -79.54302432552385 87.58737673266413
8.1251 -79.54302432552385 87.17052409240921
13.1876 -79.54302432552385 86.15891966718715
20.78135 -79.54302432552385 83.84921071492954
32.171975 -79.54302432552385 78.95133882615454
49.2579125 -79.54302432552385 69.6863129414026
74.88681875 -79.54302432552385 55.02946345552264
113.330178125 -79.54302432552385 36.92918162325851
170.9952171875 -79.54302432552385 20.09408014666505
257.49277578125 -79.54302432552385 8.310511879613342
387.239113671875 -79.54302432552385 2.2889255241187523
581.8586205078125 -79.54302432552385 0.28210759538944563
1000 -79.54302432552385 0
0.0001 -71.40274938683986 102.29055207724679
1.0001 -71.40274938683986 102.27296915240889
2.5000999999999998 -71.40274938683986 102.19958710254936
4.7501 -71.40274938683986 101.97863045382476
8.1251 -71.40274938683986 101.40079304104796
13.1876 -71.40274938683986 100.0045031569998
20.78135 -71.40274938683986 96.84690031059196
32.171975 -71.40274938683986 90.28113490286133
49.2579125 -71.40274938683986 78.29301771505745
74.88681875 -71.40274938683986 60.31908483235059
113.330178125 -71.40274938683986 39.49204505754177
170.9952171875 -71.40274938683986 21.138206061049978
257.49277578125 -71.40274938683986 8.683699611934808
387.239113671875 -71.40274938683986 2.3891549744717016
581.8586205078125 -71.40274938683986 0.2944432159578452
1000 -71.40274938683986 0
0.0001 -64.00249944258168 118.52776336651137
1.0001 -64.00249944258168 118.50326535906339
2.5000999999999998 -64.00249944258168 118.40105177310173
4.7501 -64.00249944258168 118.09354243284488
8.1251 -64.00249944258168 117.2911419826271
13.1876 -64.00249944258168 115.36253490112543
20.78135 -64.00249944258168 111.05229990321344
32.171975 -64.00249944258168 102.2986827732346
49.2579125 -64.00249944258168 86.95809198952075
74.88681875 -64.00249944258168 65.27728635306356
113.330178125 -64.00249944258168 41.73672934233845
170.9952171875 -64.00249944258168 22.015703313378456
257.49277578125 -64.00249944258168 8.992349849695882
387.239113671875 -64.00249944258168 2.4718218766532454
581.8586205078125 -64.00249944258168 0.30462450142101544
1000 -64.00249944258168 0
0.0001 -57.27499949325607 136.83153749691604
1.0001 -57.27499949325607 136.79728119261884
2.5000999999999998 -57.27499949325607 136.65440311658335
4.7501 -57.27499949325607 136.225013717989
8.1251 -57.27499949325607 135.10771413202662
13.1876 -57.27499949325607 132.44004835079338
20.78135 -57.27499949325607 126.56385498911719
32.171975 -57.27499949325607 114.96160220686342
49.2579125 -57.27499949325607 95.56342267836688
74.88681875 -57.27499949325607 69.84720408689017
113.330178125 -57.27499949325607 43.67808786867985
170.9952171875 -57.27499949325607 22.748299209593675
257.49277578125 -57.27499949325607 9.246572413149314
387.239113671875 -57.27499949325607 2.539753087292368
581.8586205078125 -57.27499949325607 0.3129957583855613
1000 -57.27499949325607 0
0.0001 -51.1590904484146 157.56825549679624
1.0001 -51.1590904484146 157.52013012946517
2.5000999999999998 -51.1590904484146 157.31949581146293
4.7501 -51.1590904484146 156.7173479164426
8.1251 -51.1590904484146 155.15603487105184
13.1876 -51.1590904484146 151.4590931025512
20.78135 -51.1590904484146 143.4589475124762
32.171975 -51.1590904484146 128.18324765269656
49.2579125 -51.1590904484146 103.9724543524607
74.88681875 -51.1590904484146 73.9862335235996
113.330178125 -51.1590904484146 45.337579466416365
170.9952171875 -51.1590904484146 23.35623493940391
257.49277578125 -51.1590904484146 9.45515120951076
387.239113671875 -51.1590904484146 2.595381599553149
581.8586205078125 -51.1590904484146 0.3198540116113196
1000 -51.1590904484146 0
0.0001 -45.59917313492236 181.1804789775958
1.0001 -45.59917313492236 181.11248450281607
2.5000999999999998 -45.59917313492236 180.82917744251068
4.7501 -45.59917313492236 179.9803733979499
8.1251 -45.59917313492236 177.78930160155383
13.1876 -45.59917313492236 172.6548081366206
20.78135 -45.59917313492236 161.78234111865876
32.171975 -45.59917313492236 141.82665407017902
49.2579125 -45.59917313492236 112.0406706297061
74.88681875 -45.59917313492236 77.67004132427721
113.330178125 -45.59917313492236 46.74112847217619
170.9952171875 -45.59917313492236 23.85788894402455
257.49277578125 -45.59917313492236 9.625640480013807
387.239113671875 -45.59917313492236 2.64078103609106
581.8586205078125 -45.59917313492236 0.325453090970068
1000 -45.59917313492236 0
0.0001 -40.544702849929415 208.2104853983448
1.0001 -40.544702849929415 208.11376859985998
2.5000999999999998 -40.544702849929415 207.71108081844787
4.7501 -40.544702849929415 206.50725895427527
8.1251 -40.544702849929415 203.41731029024865
13.1876 -40.544702849929415 196.26994880464918
20.78135 -40.544702849929415 181.53052997699632
32.171975 -40.544702849929415 155.70168999042255
49.2579125 -40.544702849929415 119.62860386863015
74.88681875 -40.544702849929415 80.89376252582734
113.330178125 -40.544702849929415 47.91687253028502
170.9952171875 -40.544702849929415 24.26962519024289
257.49277578125 -40.544702849929415 9.764481029897388
387.239113671875 -40.544702849929415 2.6777055430904544
581.8586205078125 -40.544702849929415 0.3300082455886906
1000 -40.544702849929415 0
0.0001 -35.949729863572195 239.33226395363047
1.0001 -35.949729863572195 239.19359892839896
2.5000999999999998 -35.949729863572195 238.61680060368042
4.7501 -35.949729863572195 236.89735479201872
8.1251 -35.949729863572195 232.51565532352097
13.1876 -35.949729863572195 222.54405717578922
20.78135 -35.949729863572195 202.63193457707638
32.171975 -35.949729863572195 169.56815494935205
49.2579125 -35.949729863572195 126.61549941165765
74.88681875 -35.949729863572195 83.67046375944462
113.330178125 -35.949729863572195 48.893213186518835
170.9952171875 -35.949729863572195 24.605799555140727
257.49277578125 -35.949729863572195 9.87712339476336
387.239113671875 -35.949729863572195 2.7076305148456155
581.8586205078125 -35.949729863572195 0.333700829115232
1000 -35.949729863572195 0
0.0001 -31.772481694156536 275.39599679396963
1.0001 -31.772481694156536 275.1953431082773
2.5000999999999998 -31.772481694156536 274.36171565822895
4.7501 -31.772481694156536 271.88574285575453
8.1251 -31.772481694156536 265.6341932988208
13.1876 -31.772481694156536 251.69472746805465
20.78135 -31.772481694156536 224.92401391695378
32.171975 -31.772481694156536 183.14728420296893
49.2579125 -31.772481694156536 132.91112296866987
74.88681875 -31.772481694156536 86.02753107465684
113.330178125 -31.772481694156536 49.697387418483125
170.9952171875 -31.772481694156536 24.878859277510195
257.49277578125 -31.772481694156536 9.968150875780283
387.239113671875 -31.772481694156536 2.73179125076484
581.8586205078125 -31.772481694156536 0.3366828121382282
1000 -31.772481694156536 0
0.0001 -27.97498335832412 317.4913344198661
1.0001 -27.97498335832412 317.19782303471914
2.5000999999999998 -27.97498335832412 315.98037360473006
4.7501 -27.97498335832412 312.38162696650403
8.1251 -27.97498335832412 303.40254466223024
13.1876 -27.97498335832412 283.88745952402894
20.78135 -27.97498335832412 248.13056876575024
32.171975 -27.97498335832412 196.14267299810834
49.2579125 -27.97498335832412 138.4632841586294
74.88681875 -27.97498335832412 88.002005568062
113.330178125 -27.97498335832412 50.354588352231545
170.9952171875 -27.97498335832412 25.09948890023188
257.49277578125 -27.97498335832412 10.04139779618705
387.239113671875 -27.97498335832412 2.751218040890657
581.8586205078125 -27.97498335832412 0.3390809837675664
1000 -27.97498335832412 0
0.0001 -24.522712143931017 367.0396390586826
1.0001 -24.522712143931017 366.60481453279056
2.5000999999999998 -24.522712143931017 364.80504208534427
4.7501 -24.522712143931017 359.51822020199216
8.1251 -24.522712143931017 346.52835210246695
13.1876 -24.522712143931017 319.18959207073226
20.78135 -24.522712143931017 271.8456704567059
32.171975 -24.522712143931017 208.26901689623844
49.2579125 -24.522712143931017 143.25954926764535
74.88681875 -24.522712143931017 89.63593225189727
113.330178125 -24.522712143931017 50.887534138412825
170.9952171875 -24.522712143931017 25.276776939679785
257.49277578125 -24.522712143931017 10.100059233684759
387.239113671875 -24.522712143931017 2.766767207780764
581.8586205078125 -24.522712143931017 0.3410007563406461
1000 -24.522712143931017 0
0.0001 -21.384283767210015 425.9320070975341
1.0001 -21.384283767210015 425.2781054901458
2.5000999999999998 -21.384283767210015 422.5792775286677
4.7501 -21.384283767210015 414.71702890273633
8.1251 -21.384283767210015 395.7806155329835
13.1876 -21.384283767210015 357.50382246455484
20.78135 -21.384283767210015 295.5336894147589
32.171975 -21.384283767210015 219.28394637464308
49.2579125 -21.384283767210015 147.32309550054836
74.88681875 -21.384283767210015 90.97252610231406
113.330178125 -21.384283767210015 51.31633551912202
170.9952171875 -21.384283767210015 25.418391598494726
257.49277578125 -21.384283767210015 10.14678939068062
387.239113671875 -21.384283767210015 2.7791482349566046
581.8586205078125 -21.384283767210015 0.3425295240483657
1000 -21.384283767210015 0
0.0001 -18.53116706110001 496.7418416858168
1.0001 -18.53116706110001 495.7408587766238
2.5000999999999998 -18.53116706110001 491.6253063042764
4.7501 -18.53116706110001 479.7683682158568
8.1251 -18.53116706110001 451.9443169399577
13.1876 -18.53116706110001 398.48033268285167
20.78135 -18.53116706110001 318.55569782741804
32.171975 -18.53116706110001 229.01584678739914
49.2579125 -18.53116706110001 150.70420891875975
74.88681875 -18.53116706110001 92.05352421611916
113.330178125 -18.53116706110001 51.65853138190547
170.9952171875 -18.53116706110001 25.530759055413057
257.49277578125 -18.53116706110001 10.18378720975546
387.239113671875 -18.53116706110001 2.7889473301249774
581.8586205078125 -18.53116706110001 0.3437395646227346
1000 -18.53116706110001 0
0.0001 -15.937424601000009 583.064473484752
1.0001 -15.937424601000009 581.4988050683188
2.5000999999999998 -15.937424601000009 575.096228512466
4.7501 -15.937424601000009 556.9258443452018
8.1251 -15.937424601000009 515.7212592590995
13.1876 -15.937424601000009 441.4170130969607
20.78135 -15.937424601000009 340.2285897104444
32.171975 -15.937424601000009 237.38025811070077
49.2579125 -15.937424601000009 153.4699627155379
74.88681875 -15.937424601000009 92.91766511773892
113.330178125 -15.937424601000009 51.92921315228917
170.9952171875 -15.937424601000009 25.619237337245522
257.49277578125 -15.937424601000009 10.212869513932251
387.239113671875 -15.937424601000009 2.796647752481434
581.8586205078125 -15.937424601000009 0.34469051078265983
1000 -15.937424601000009 0
0.0001 -13.579476910000007 690.0797745641242
1.0001 -13.579476910000007 687.5672089410301
2.5000999999999998 -13.579476910000007 677.3651231029246
4.7501 -13.579476910000007 649.0020717563272
8.1251 -13.579476910000007 587.5342295549731
13.1876 -13.579476910000007 485.1767685239855
20.78135 -13.579476910000007 359.91322357526855
32.171975 -13.579476910000007 244.3800491521015
49.2579125 -13.579476910000007 155.69471912508385
74.88681875 -13.579476910000007 93.599969019516
113.330178125 -13.579476910000007 52.141206761001655
170.9952171875 -13.579476910000007 25.688277473291336
257.49277578125 -13.579476910000007 10.235533201432942
387.239113671875 -13.579476910000007 2.8026471538748523
581.8586205078125 -13.579476910000007 0.34543144423535554
1000 -13.579476910000007 0
0.0001 -11.435888100000005 825.5366843536996
1.0001 -11.435888100000005 821.368976061971
2.5000999999999998 -11.435888100000005 804.637163129755
4.7501 -11.435888100000005 759.4243845735532
8.1251 -11.435888100000005 667.1745749579482
13.1876 -11.435888100000005 528.175631799071
20.78135 -11.435888100000005 377.1133160674318
32.171975 -11.435888100000005 250.08968873487976
49.2579125 -11.435888100000005 157.4532379295639
74.88681875 -11.435888100000005 94.1314517691953
113.330178125 -11.435888100000005 52.30530252271475
170.9952171875 -11.435888100000005 25.741565146616104
257.49277578125 -11.435888100000005 10.253008394513795
387.239113671875 -11.435888100000005 2.8072721679882817
581.8586205078125 -11.435888100000005 0.3460026717710101
1000 -11.435888100000005 0
0.0001 -9.487171000000004 1001.5312574792704
1.0001 -9.487171000000004 994.357026120152
2.5000999999999998 -9.487171000000004 965.9202233427188
4.7501 -9.487171000000004 892.1239463553394
8.1251 -9.487171000000004 753.2462295195592
13.1876 -9.487171000000004 568.5108532621025
20.78135 -9.487171000000004 391.55344440718756
32.171975 -9.487171000000004 254.62980306648882
49.2579125 -9.487171000000004 158.81673908673613
74.88681875 -9.487171000000004 94.53904663063445
113.330178125 -9.487171000000004 52.43051708065654
170.9952171875 -9.487171000000004 25.782140854373417
257.49277578125 -9.487171000000004 10.266303968057729
387.239113671875 -9.487171000000004 2.810790556823839
581.8586205078125 -9.487171000000004 0.34643723185075875
1000 -9.487171000000004 0
0.0001 -7.7156100000000025 1238.2326398442494
1.0001 -7.7156100000000025 1225.0921593375454
2.5000999999999998 -7.7156100000000025 1174.5849039749394
4.7501 -7.7156100000000025 1050.890265922775
8.1251 -7.7156100000000025 842.466253956031
13.1876 -7.7156100000000025 604.2769951936822
20.78135 -7.7156100000000025 403.20185829742525
32.171975 -7.7156100000000025 258.1419553559791
49.2579125 -7.7156100000000025 159.85096241171777
74.88681875 -7.7156100000000025 94.84570295820863
113.330178125 -7.7156100000000025 52.52435446987007
170.9952171875 -7.7156100000000025 25.812502122137662
257.49277578125 -7.7156100000000025 10.276246087693782
387.239113671875 -7.7156100000000025 2.8134213246134547
581.8586205078125 -7.7156100000000025 0.3467621619978671
1000 -7.7156100000000025 0
0.0001 -6.105100000000002 1570.7487698504221
1.0001 -6.105100000000002 1545.8064419592495
2.5000999999999998 -6.105100000000002 1450.792612754488
4.7501 -6.105100000000002 1237.2977668099193
8.1251 -6.105100000000002 929.1674978565073
13.1876 -6.105100000000002 634.0282252285039
20.78135 -6.105100000000002 412.22191903447515
32.171975 -6.105100000000002 260.77230835225913
49.2579125 -6.105100000000002 160.6148406804286
74.88681875 -6.105100000000002 95.07072492043005
113.330178125 -6.105100000000002 52.593029865237305
170.9952171875 -6.105100000000002 25.834693682523916
257.49277578125 -6.105100000000002 10.28351000176644
387.239113671875 -6.105100000000002 2.815343227252212
581.8586205078125 -6.105100000000002 0.3469995473486404
1000 -6.105100000000002 0
0.0001 -4.641000000000001 2072.4256730135867
1.0001 -4.641000000000001 2015.5009221093142
2.5000999999999998 -4.641000000000001 1824.9249035620967
4.7501 -4.641000000000001 1445.4904486895953
8.1251 -4.641000000000001 1005.8456976925173
13.1876 -4.641000000000001 657.1733955148625
20.78135 -4.641000000000001 418.8789928161567
32.171975 -4.641000000000001 262.6651800245234
49.2579125 -4.641000000000001 161.15927564866993
74.88681875 -4.641000000000001 95.23030485432828
113.330178125 -4.641000000000001 52.64164731941497
170.9952171875 -4.641000000000001 25.85038792521202
257.49277578125 -4.641000000000001 10.288645885299864
387.239113671875 -4.641000000000001 2.8167019607956703
581.8586205078125 -4.641000000000001 0.34716737975470807
1000 -4.641000000000001 0
0.0001 -3.3100000000000005 2873.673904467662
1.0001 -3.3100000000000005 2763.8917302324376
2.5000999999999998 -3.3100000000000005 2334.3087773915017
4.7501 -3.3100000000000005 1653.0755176732757
8.1251 -3.3100000000000005 1065.81984221712
13.1876 -3.3100000000000005 673.9395461825786
20.78135 -3.3100000000000005 423.47704294835506
32.171975 -3.3100000000000005 263.95715906027976
49.2579125 -3.3100000000000005 161.52712401881763
74.88681875 -3.3100000000000005 95.33796736690408
113.330178125 -3.3100000000000005 52.67437030758916
170.9952171875 -3.3100000000000005 25.860950453106405
257.49277578125 -3.3100000000000005 10.292100707526663
387.239113671875 -3.3100000000000005 2.8176160639111325
581.8586205078125 -3.3100000000000005 0.3472802785492387
1000 -3.3100000000000005 0
0.0001 -2.1 4644.930576102852
1.0001 -2.1 4045.527686466496
2.5000999999999998 -2.1 2992.5844409867354
4.7501 -2.1 1812.9255015283761
8.1251 -2.1 1108.023759240108
13.1876 -2.1 684.654540173088
20.78135 -2.1 426.3994053898974
32.171975 -2.1 264.7593245402629
49.2579125 -2.1 161.7561125950229
74.88681875 -2.1 95.40456152583421
113.330178125 -2.1 52.69464257181089
170.9952171875 -2.1 25.86748265038168
257.49277578125 -2.1 10.294238480280804
387.239113671875 -2.1 2.818181454584385
581.8586205078125 -2.1 0.3473501301736065
1000 -2.1 0
0.0001 -1 6494.779208054841
1.0001 -1 7249.7540616475
2.5000999999999998 -1 3428.804020659457
4.7501 -1 1918.5479589463355
8.1251 -1 1130.2490450059022
13.1876 -1 690.5767702750203
20.78135 -1 427.9081993803881
32.171975 -1 265.1843870126739
49.2579125 -1 161.87478443812702
74.88681875 -1 95.43942978334495
113.330178125 -1 52.705181994490815
170.9952171875 -1 25.870890134041463
257.49277578125 -1 10.295351445527595
387.239113671875 -1 2.8184761127548126
581.8586205078125 -1 0.34738650482569267
1000 -1 0
0.0001 0 47459.06402723681
1.0001 0 7909.870378104611
2.5000999999999998 0 3652.9122427324073
4.7501 0 1942.7318255187365
8.1251 0 1138.290335960083
13.1876 0 692.1230339623885
20.78135 0 428.38754476570443
32.171975 0 265.30353627044343
49.2579125 0 161.91059008458356
74.88681875 0 95.44949487925167
113.330178125 0 52.70830113472579
170.9952171875 0 25.87188472530288
257.49277578125 0 10.29567864255549
387.239113671875 0 2.81856239022249
581.8586205078125 0 0.34739718835540095
1000 0 0
