0.00000 0.00000 0.00000E+000 0.00000E+000
0.00405 0.00000 0.00000E+000 0.00000E+000
0.00810 0.00000 0.00000E+000 0.00000E+000
0.01214 0.00000 0.00000E+000 0.00000E+000
0.01619 0.00000 0.00000E+000 0.00000E+000
0.02024 0.00000 0.00000E+000 0.00000E+000
0.02429 0.00000 0.00000E+000 0.00000E+000
0.02833 0.00000 0.00000E+000 0.00000E+000
0.03238 0.00000 0.00000E+000 0.00000E+000
0.03643 0.00000 0.00000E+000 0.00000E+000
0.04048 0.00000 0.00000E+000 0.00000E+000
0.04452 0.00000 0.00000E+000 0.00000E+000
0.04857 0.00000 0.00000E+000 0.00000E+000
0.05262 0.00000 0.00000E+000 0.00000E+000
0.05667 0.00000 0.00000E+000 0.00000E+000
0.06071 0.00000 0.00000E+000 0.00000E+000
0.06476 0.00000 0.00000E+000 0.00000E+000
0.06881 0.00000 0.00000E+000 0.00000E+000
0.07286 0.00000 0.00000E+000 0.00000E+000
0.07690 0.00000 0.00000E+000 0.00000E+000
0.08095 0.00000 0.00000E+000 0.00000E+000
0.08500 0.00000 0.00000E+000 0.00000E+000
0.00000 0.00400 0.00000E+000 -0.00000E+000
0.00405 0.00400 1.14286E-004 0.00000E+000
0.00810 0.00400 1.14286E-004 0.00000E+000
0.01214 0.00400 1.14286E-004 0.00000E+000
0.01619 0.00400 1.14286E-004 0.00000E+000
0.02024 0.00400 1.14286E-004 0.00000E+000
0.02429 0.00400 1.14286E-004 0.00000E+000
0.02833 0.00400 1.14286E-004 0.00000E+000
0.03238 0.00400 1.14286E-004 0.00000E+000
0.03643 0.00400 1.14286E-004 0.00000E+000
0.04048 0.00400 1.14286E-004 0.00000E+000
0.04452 0.00400 1.14286E-004 0.00000E+000
0.04857 0.00400 1.14286E-004 0.00000E+000
0.05262 0.00400 1.14286E-004 0.00000E+000
0.05667 0.00400 1.14286E-004 0.00000E+000
0.06071 0.00400 1.14286E-004 0.00000E+000
0.06476 0.00400 1.14286E-004 0.00000E+000
0.06881 0.00400 1.14286E-004 0.00000E+000
0.07286 0.00400 1.14286E-004 0.00000E+000
0.07690 0.00400 1.14286E-004 0.00000E+000
0.08095 0.00400 1.14286E-004 0.00000E+000
0.08500 0.00400 -0.00000E+000 -2.22045E-019
0.00000 0.00800 0.00000E+000 -0.00000E+000
0.00405 0.00800 0.00000E+000 -1.90476E-004
0.00810 0.00800 2.28571E-004 0.00000E+000
0.01214 0.00800 2.28571E-004 0.00000E+000
0.01619 0.00800 2.28571E-004 0.00000E+000
0.02024 0.00800 2.28571E-004 0.00000E+000
0.02429 0.00800 2.28571E-004 0.00000E+000
0.02833 0.00800 2.28571E-004 0.00000E+000
0.03238 0.00800 2.28571E-004 0.00000E+000
0.03643 0.00800 2.28571E-004 0.00000E+000
0.04048 0.00800 2.28571E-004 0.00000E+000
0.04452 0.00800 2.28571E-004 0.00000E+000
0.04857 0.00800 2.28571E-004 0.00000E+000
0.05262 0.00800 2.28571E-004 0.00000E+000
0.05667 0.00800 2.28571E-004 0.00000E+000
0.06071 0.00800 2.28571E-004 0.00000E+000
0.06476 0.00800 2.28571E-004 0.00000E+000
0.06881 0.00800 2.28571E-004 0.00000E+000
0.07286 0.00800 2.28571E-004 0.00000E+000
0.07690 0.00800 2.28571E-004 0.00000E+000
0.08095 0.00800 0.00000E+000 1.90476E-004
0.08500 0.00800 -0.00000E+000 -2.22045E-019
0.00000 0.01200 0.00000E+000 -0.00000E+000
0.00405 0.01200 0.00000E+000 -1.90476E-004
0.00810 0.01200 3.42857E-004 0.00000E+000
0.01214 0.01200 3.42857E-004 0.00000E+000
0.01619 0.01200 3.42857E-004 0.00000E+000
0.02024 0.01200 3.42857E-004 0.00000E+000
0.02429 0.01200 3.42857E-004 0.00000E+000
0.02833 0.01200 3.42857E-004 0.00000E+000
0.03238 0.01200 3.42857E-004 0.00000E+000
0.03643 0.01200 3.42857E-004 0.00000E+000
0.04048 0.01200 3.42857E-004 0.00000E+000
0.04452 0.01200 3.42857E-004 0.00000E+000
0.04857 0.01200 3.42857E-004 0.00000E+000
0.05262 0.01200 3.42857E-004 0.00000E+000
0.05667 0.01200 3.42857E-004 0.00000E+000
0.06071 0.01200 3.42857E-004 0.00000E+000
0.06476 0.01200 3.42857E-004 0.00000E+000
0.06881 0.01200 3.42857E-004 0.00000E+000
0.07286 0.01200 3.42857E-004 0.00000E+000
0.07690 0.01200 3.42857E-004 0.00000E+000
0.08095 0.01200 0.00000E+000 1.90476E-004
0.08500 0.01200 -0.00000E+000 -2.22045E-019
0.00000 0.01600 0.00000E+000 -0.00000E+000
0.00405 0.01600 0.00000E+000 -1.90476E-004
0.00810 0.01600 0.00000E+000 -3.80952E-004
0.01214 0.01600 4.57143E-004 0.00000E+000
0.01619 0.01600 4.57143E-004 0.00000E+000
0.02024 0.01600 4.57143E-004 0.00000E+000
0.02429 0.01600 4.57143E-004 0.00000E+000
0.02833 0.01600 4.57143E-004 0.00000E+000
0.03238 0.01600 4.57143E-004 0.00000E+000
0.03643 0.01600 4.57143E-004 0.00000E+000
0.04048 0.01600 4.57143E-004 0.00000E+000
0.04452 0.01600 4.57143E-004 0.00000E+000
0.04857 0.01600 4.57143E-004 0.00000E+000
0.05262 0.01600 4.57143E-004 0.00000E+000
0.05667 0.01600 4.57143E-004 0.00000E+000
0.06071 0.01600 4.57143E-004 0.00000E+000
0.06476 0.01600 4.57143E-004 0.00000E+000
0.06881 0.01600 4.57143E-004 0.00000E+000
0.07286 0.01600 4.57143E-004 0.00000E+000
0.07690 0.01600 0.00000E+000 3.80952E-004
0.08095 0.01600 0.00000E+000 1.90476E-004
0.08500 0.01600 -0.00000E+000 -2.22045E-019
0.00000 0.02000 0.00000E+000 -0.00000E+000
0.00405 0.02000 0.00000E+000 -1.90476E-004
0.00810 0.02000 0.00000E+000 -3.80952E-004
0.01214 0.02000 5.71429E-004 0.00000E+000
0.01619 0.02000 5.71429E-004 0.00000E+000
0.02024 0.02000 5.71429E-004 0.00000E+000
0.02429 0.02000 5.71429E-004 0.00000E+000
0.02833 0.02000 5.71429E-004 0.00000E+000
0.03238 0.02000 5.71429E-004 0.00000E+000
0.03643 0.02000 5.71429E-004 0.00000E+000
0.04048 0.02000 5.71429E-004 0.00000E+000
0.04452 0.02000 5.71429E-004 0.00000E+000
0.04857 0.02000 5.71429E-004 0.00000E+000
0.05262 0.02000 5.71429E-004 0.00000E+000
0.05667 0.02000 5.71429E-004 0.00000E+000
0.06071 0.02000 5.71429E-004 0.00000E+000
0.06476 0.02000 5.71429E-004 0.00000E+000
0.06881 0.02000 5.71429E-004 0.00000E+000
0.07286 0.02000 0.00000E+000 5.71429E-004
0.07690 0.02000 0.00000E+000 3.80952E-004
0.08095 0.02000 0.00000E+000 1.90476E-004
0.08500 0.02000 -0.00000E+000 -2.22045E-019
0.00000 0.02400 0.00000E+000 -0.00000E+000
0.00405 0.02400 0.00000E+000 -1.90476E-004
0.00810 0.02400 0.00000E+000 -3.80952E-004
0.01214 0.02400 0.00000E+000 -5.71429E-004
0.01619 0.02400 6.85714E-004 0.00000E+000
0.02024 0.02400 6.85714E-004 0.00000E+000
0.02429 0.02400 6.85714E-004 0.00000E+000
0.02833 0.02400 6.85714E-004 0.00000E+000
0.03238 0.02400 6.85714E-004 0.00000E+000
0.03643 0.02400 6.85714E-004 0.00000E+000
0.04048 0.02400 6.85714E-004 0.00000E+000
0.04452 0.02400 6.85714E-004 0.00000E+000
0.04857 0.02400 6.85714E-004 0.00000E+000
0.05262 0.02400 6.85714E-004 0.00000E+000
0.05667 0.02400 6.85714E-004 0.00000E+000
0.06071 0.02400 6.85714E-004 0.00000E+000
0.06476 0.02400 6.85714E-004 0.00000E+000
0.06881 0.02400 6.85714E-004 0.00000E+000
0.07286 0.02400 0.00000E+000 5.71429E-004
0.07690 0.02400 0.00000E+000 3.80952E-004
0.08095 0.02400 0.00000E+000 1.90476E-004
0.08500 0.02400 -0.00000E+000 -2.22045E-019
0.00000 0.02800 0.00000E+000 -0.00000E+000
0.00405 0.02800 0.00000E+000 -1.90476E-004
0.00810 0.02800 0.00000E+000 -3.80952E-004
0.01214 0.02800 0.00000E+000 -5.71429E-004
0.01619 0.02800 0.00000E+000 -7.61905E-004
0.02024 0.02800 8.00000E-004 0.00000E+000
0.02429 0.02800 8.00000E-004 0.00000E+000
0.02833 0.02800 8.00000E-004 0.00000E+000
0.03238 0.02800 8.00000E-004 0.00000E+000
0.03643 0.02800 8.00000E-004 0.00000E+000
0.04048 0.02800 8.00000E-004 0.00000E+000
0.04452 0.02800 8.00000E-004 0.00000E+000
0.04857 0.02800 8.00000E-004 0.00000E+000
0.05262 0.02800 8.00000E-004 0.00000E+000
0.05667 0.02800 8.00000E-004 0.00000E+000
0.06071 0.02800 8.00000E-004 0.00000E+000
0.06476 0.02800 8.00000E-004 0.00000E+000
0.06881 0.02800 0.00000E+000 7.61905E-004
0.07286 0.02800 0.00000E+000 5.71429E-004
0.07690 0.02800 0.00000E+000 3.80952E-004
0.08095 0.02800 0.00000E+000 1.90476E-004
0.08500 0.02800 -0.00000E+000 -2.22045E-019
0.00000 0.03200 0.00000E+000 -0.00000E+000
0.00405 0.03200 0.00000E+000 -1.90476E-004
0.00810 0.03200 0.00000E+000 -3.80952E-004
0.01214 0.03200 0.00000E+000 -5.71429E-004
0.01619 0.03200 0.00000E+000 -7.61905E-004
0.02024 0.03200 9.14286E-004 0.00000E+000
0.02429 0.03200 9.14286E-004 0.00000E+000
0.02833 0.03200 9.14286E-004 0.00000E+000
0.03238 0.03200 9.14286E-004 0.00000E+000
0.03643 0.03200 9.14286E-004 0.00000E+000
0.04048 0.03200 9.14286E-004 0.00000E+000
0.04452 0.03200 9.14286E-004 0.00000E+000
0.04857 0.03200 9.14286E-004 0.00000E+000
0.05262 0.03200 9.14286E-004 0.00000E+000
0.05667 0.03200 9.14286E-004 0.00000E+000
0.06071 0.03200 9.14286E-004 0.00000E+000
0.06476 0.03200 9.14286E-004 0.00000E+000
0.06881 0.03200 0.00000E+000 7.61905E-004
0.07286 0.03200 0.00000E+000 5.71429E-004
0.07690 0.03200 0.00000E+000 3.80952E-004
0.08095 0.03200 0.00000E+000 1.90476E-004
0.08500 0.03200 -0.00000E+000 -2.22045E-019
0.00000 0.03600 0.00000E+000 -0.00000E+000
0.00405 0.03600 0.00000E+000 -1.90476E-004
0.00810 0.03600 0.00000E+000 -3.80952E-004
0.01214 0.03600 0.00000E+000 -5.71429E-004
0.01619 0.03600 0.00000E+000 -7.61905E-004
0.02024 0.03600 0.00000E+000 -9.52381E-004
0.02429 0.03600 9.71429E-004 0.00000E+000
0.02833 0.03600 9.71429E-004 0.00000E+000
0.03238 0.03600 9.71429E-004 0.00000E+000
0.03643 0.03600 9.71429E-004 0.00000E+000
0.04048 0.03600 9.71429E-004 0.00000E+000
0.04452 0.03600 9.71429E-004 0.00000E+000
0.04857 0.03600 9.71429E-004 0.00000E+000
0.05262 0.03600 9.71429E-004 0.00000E+000
0.05667 0.03600 9.71429E-004 0.00000E+000
0.06071 0.03600 9.71429E-004 0.00000E+000
0.06476 0.03600 0.00000E+000 9.52381E-004
0.06881 0.03600 0.00000E+000 7.61905E-004
0.07286 0.03600 0.00000E+000 5.71429E-004
0.07690 0.03600 0.00000E+000 3.80952E-004
0.08095 0.03600 0.00000E+000 1.90476E-004
0.08500 0.03600 -0.00000E+000 -2.22045E-019
0.00000 0.04000 0.00000E+000 -0.00000E+000
0.00405 0.04000 0.00000E+000 -1.90476E-004
0.00810 0.04000 0.00000E+000 -3.80952E-004
0.01214 0.04000 0.00000E+000 -5.71429E-004
0.01619 0.04000 0.00000E+000 -7.61905E-004
0.02024 0.04000 0.00000E+000 -9.52381E-004
0.02429 0.04000 8.57143E-004 0.00000E+000
0.02833 0.04000 8.57143E-004 0.00000E+000
0.03238 0.04000 8.57143E-004 0.00000E+000
0.03643 0.04000 8.57143E-004 0.00000E+000
0.04048 0.04000 8.57143E-004 0.00000E+000
0.04452 0.04000 8.57143E-004 0.00000E+000
0.04857 0.04000 8.57143E-004 0.00000E+000
0.05262 0.04000 8.57143E-004 0.00000E+000
0.05667 0.04000 8.57143E-004 0.00000E+000
0.06071 0.04000 8.57143E-004 0.00000E+000
0.06476 0.04000 0.00000E+000 9.52381E-004
0.06881 0.04000 0.00000E+000 7.61905E-004
0.07286 0.04000 0.00000E+000 5.71429E-004
0.07690 0.04000 0.00000E+000 3.80952E-004
0.08095 0.04000 0.00000E+000 1.90476E-004
0.08500 0.04000 -0.00000E+000 -2.22045E-019
0.00000 0.04400 0.00000E+000 -0.00000E+000
0.00405 0.04400 0.00000E+000 -1.90476E-004
0.00810 0.04400 0.00000E+000 -3.80952E-004
0.01214 0.04400 0.00000E+000 -5.71429E-004
0.01619 0.04400 0.00000E+000 -7.61905E-004
0.02024 0.04400 0.00000E+000 -9.52381E-004
0.02429 0.04400 0.00000E+000 -8.57143E-004
0.02833 0.04400 7.42857E-004 0.00000E+000
0.03238 0.04400 7.42857E-004 0.00000E+000
0.03643 0.04400 7.42857E-004 0.00000E+000
0.04048 0.04400 7.42857E-004 0.00000E+000
0.04452 0.04400 7.42857E-004 0.00000E+000
0.04857 0.04400 7.42857E-004 0.00000E+000
0.05262 0.04400 7.42857E-004 0.00000E+000
0.05667 0.04400 7.42857E-004 0.00000E+000
0.06071 0.04400 0.00000E+000 8.57143E-004
0.06476 0.04400 0.00000E+000 9.52381E-004
0.06881 0.04400 0.00000E+000 7.61905E-004
0.07286 0.04400 0.00000E+000 5.71429E-004
0.07690 0.04400 0.00000E+000 3.80952E-004
0.08095 0.04400 0.00000E+000 1.90476E-004
0.08500 0.04400 -0.00000E+000 -2.22045E-019
0.00000 0.04800 0.00000E+000 -0.00000E+000
0.00405 0.04800 0.00000E+000 -1.90476E-004
0.00810 0.04800 0.00000E+000 -3.80952E-004
0.01214 0.04800 0.00000E+000 -5.71429E-004
0.01619 0.04800 0.00000E+000 -7.61905E-004
0.02024 0.04800 0.00000E+000 -9.52381E-004
0.02429 0.04800 0.00000E+000 -8.57143E-004
0.02833 0.04800 0.00000E+000 -6.66667E-004
0.03238 0.04800 6.28571E-004 0.00000E+000
0.03643 0.04800 6.28571E-004 0.00000E+000
0.04048 0.04800 6.28571E-004 0.00000E+000
0.04452 0.04800 6.28571E-004 0.00000E+000
0.04857 0.04800 6.28571E-004 0.00000E+000
0.05262 0.04800 6.28571E-004 0.00000E+000
0.05667 0.04800 0.00000E+000 6.66667E-004
0.06071 0.04800 0.00000E+000 8.57143E-004
0.06476 0.04800 0.00000E+000 9.52381E-004
0.06881 0.04800 0.00000E+000 7.61905E-004
0.07286 0.04800 0.00000E+000 5.71429E-004
0.07690 0.04800 0.00000E+000 3.80952E-004
0.08095 0.04800 0.00000E+000 1.90476E-004
0.08500 0.04800 -0.00000E+000 -2.22045E-019
0.00000 0.05200 0.00000E+000 -0.00000E+000
0.00405 0.05200 0.00000E+000 -1.90476E-004
0.00810 0.05200 0.00000E+000 -3.80952E-004
0.01214 0.05200 0.00000E+000 -5.71429E-004
0.01619 0.05200 0.00000E+000 -7.61905E-004
0.02024 0.05200 0.00000E+000 -9.52381E-004
0.02429 0.05200 0.00000E+000 -8.57143E-004
0.02833 0.05200 0.00000E+000 -6.66667E-004
0.03238 0.05200 5.14286E-004 0.00000E+000
0.03643 0.05200 5.14286E-004 0.00000E+000
0.04048 0.05200 5.14286E-004 0.00000E+000
0.04452 0.05200 5.14286E-004 0.00000E+000
0.04857 0.05200 5.14286E-004 0.00000E+000
0.05262 0.05200 5.14286E-004 0.00000E+000
0.05667 0.05200 0.00000E+000 6.66667E-004
0.06071 0.05200 0.00000E+000 8.57143E-004
0.06476 0.05200 0.00000E+000 9.52381E-004
0.06881 0.05200 0.00000E+000 7.61905E-004
0.07286 0.05200 0.00000E+000 5.71429E-004
0.07690 0.05200 0.00000E+000 3.80952E-004
0.08095 0.05200 0.00000E+000 1.90476E-004
0.08500 0.05200 -0.00000E+000 -2.22045E-019
0.00000 0.05600 0.00000E+000 -0.00000E+000
0.00405 0.05600 0.00000E+000 -1.90476E-004
0.00810 0.05600 0.00000E+000 -3.80952E-004
0.01214 0.05600 0.00000E+000 -5.71429E-004
0.01619 0.05600 0.00000E+000 -7.61905E-004
0.02024 0.05600 0.00000E+000 -9.52381E-004
0.02429 0.05600 0.00000E+000 -8.57143E-004
0.02833 0.05600 0.00000E+000 -6.66667E-004
0.03238 0.05600 0.00000E+000 -4.76190E-004
0.03643 0.05600 4.00000E-004 0.00000E+000
0.04048 0.05600 4.00000E-004 0.00000E+000
0.04452 0.05600 4.00000E-004 0.00000E+000
0.04857 0.05600 4.00000E-004 0.00000E+000
0.05262 0.05600 0.00000E+000 4.76190E-004
0.05667 0.05600 0.00000E+000 6.66667E-004
0.06071 0.05600 0.00000E+000 8.57143E-004
0.06476 0.05600 0.00000E+000 9.52381E-004
0.06881 0.05600 0.00000E+000 7.61905E-004
0.07286 0.05600 0.00000E+000 5.71429E-004
0.07690 0.05600 0.00000E+000 3.80952E-004
0.08095 0.05600 0.00000E+000 1.90476E-004
0.08500 0.05600 -0.00000E+000 -2.22045E-019
0.00000 0.06000 0.00000E+000 -0.00000E+000
0.00405 0.06000 0.00000E+000 -1.90476E-004
0.00810 0.06000 0.00000E+000 -3.80952E-004
0.01214 0.06000 0.00000E+000 -5.71429E-004
0.01619 0.06000 0.00000E+000 -7.61905E-004
0.02024 0.06000 0.00000E+000 -9.52381E-004
0.02429 0.06000 0.00000E+000 -8.57143E-004
0.02833 0.06000 0.00000E+000 -6.66667E-004
0.03238 0.06000 0.00000E+000 -4.76190E-004
0.03643 0.06000 2.85714E-004 0.00000E+000
0.04048 0.06000 2.85714E-004 0.00000E+000
0.04452 0.06000 2.85714E-004 0.00000E+000
0.04857 0.06000 2.85714E-004 0.00000E+000
0.05262 0.06000 0.00000E+000 4.76190E-004
0.05667 0.06000 0.00000E+000 6.66667E-004
0.06071 0.06000 0.00000E+000 8.57143E-004
0.06476 0.06000 0.00000E+000 9.52381E-004
0.06881 0.06000 0.00000E+000 7.61905E-004
0.07286 0.06000 0.00000E+000 5.71429E-004
0.07690 0.06000 0.00000E+000 3.80952E-004
0.08095 0.06000 0.00000E+000 1.90476E-004
0.08500 0.06000 -0.00000E+000 -2.22045E-019
0.00000 0.06400 0.00000E+000 -0.00000E+000
0.00405 0.06400 0.00000E+000 -1.90476E-004
0.00810 0.06400 0.00000E+000 -3.80952E-004
0.01214 0.06400 0.00000E+000 -5.71429E-004
0.01619 0.06400 0.00000E+000 -7.61905E-004
0.02024 0.06400 0.00000E+000 -9.52381E-004
0.02429 0.06400 0.00000E+000 -8.57143E-004
0.02833 0.06400 0.00000E+000 -6.66667E-004
0.03238 0.06400 0.00000E+000 -4.76190E-004
0.03643 0.06400 0.00000E+000 -2.85714E-004
0.04048 0.06400 1.71429E-004 0.00000E+000
0.04452 0.06400 1.71429E-004 0.00000E+000
0.04857 0.06400 0.00000E+000 2.85714E-004
0.05262 0.06400 0.00000E+000 4.76190E-004
0.05667 0.06400 0.00000E+000 6.66667E-004
0.06071 0.06400 0.00000E+000 8.57143E-004
0.06476 0.06400 0.00000E+000 9.52381E-004
0.06881 0.06400 0.00000E+000 7.61905E-004
0.07286 0.06400 0.00000E+000 5.71429E-004
0.07690 0.06400 0.00000E+000 3.80952E-004
0.08095 0.06400 0.00000E+000 1.90476E-004
0.08500 0.06400 -0.00000E+000 -2.22045E-019
0.00000 0.06800 0.00000E+000 -0.00000E+000
0.00405 0.06800 0.00000E+000 -1.90476E-004
0.00810 0.06800 0.00000E+000 -3.80952E-004
0.01214 0.06800 0.00000E+000 -5.71429E-004
0.01619 0.06800 0.00000E+000 -7.61905E-004
0.02024 0.06800 0.00000E+000 -9.52381E-004
0.02429 0.06800 0.00000E+000 -8.57143E-004
0.02833 0.06800 0.00000E+000 -6.66667E-004
0.03238 0.06800 0.00000E+000 -4.76190E-004
0.03643 0.06800 0.00000E+000 -2.85714E-004
0.04048 0.06800 0.00000E+000 -9.52381E-005
0.04452 0.06800 0.00000E+000 9.52381E-005
0.04857 0.06800 0.00000E+000 2.85714E-004
0.05262 0.06800 0.00000E+000 4.76190E-004
0.05667 0.06800 0.00000E+000 6.66667E-004
0.06071 0.06800 0.00000E+000 8.57143E-004
0.06476 0.06800 0.00000E+000 9.52381E-004
0.06881 0.06800 0.00000E+000 7.61905E-004
0.07286 0.06800 0.00000E+000 5.71429E-004
0.07690 0.06800 0.00000E+000 3.80952E-004
0.08095 0.06800 0.00000E+000 1.90476E-004
0.08500 0.06800 -0.00000E+000 -2.22045E-019
0.00000 0.07200 0.00000E+000 -0.00000E+000
0.00405 0.07200 0.00000E+000 -1.90476E-004
0.00810 0.07200 0.00000E+000 -3.80952E-004
0.01214 0.07200 0.00000E+000 -5.71429E-004
0.01619 0.07200 0.00000E+000 -7.61905E-004
0.02024 0.07200 0.00000E+000 -9.52381E-004
0.02429 0.07200 0.00000E+000 -8.57143E-004
0.02833 0.07200 0.00000E+000 -6.66667E-004
0.03238 0.07200 0.00000E+000 -4.76190E-004
0.03643 0.07200 0.00000E+000 -2.85714E-004
0.04048 0.07200 0.00000E+000 -9.52381E-005
0.04452 0.07200 0.00000E+000 9.52381E-005
0.04857 0.07200 0.00000E+000 2.85714E-004
0.05262 0.07200 0.00000E+000 4.76190E-004
0.05667 0.07200 0.00000E+000 6.66667E-004
0.06071 0.07200 0.00000E+000 8.57143E-004
0.06476 0.07200 0.00000E+000 9.52381E-004
0.06881 0.07200 0.00000E+000 7.61905E-004
0.07286 0.07200 0.00000E+000 5.71429E-004
0.07690 0.07200 0.00000E+000 3.80952E-004
0.08095 0.07200 0.00000E+000 1.90476E-004
0.08500 0.07200 -0.00000E+000 -2.22045E-019
0.00000 0.07600 0.00000E+000 -0.00000E+000
0.00405 0.07600 0.00000E+000 -1.90476E-004
0.00810 0.07600 0.00000E+000 -3.80952E-004
0.01214 0.07600 0.00000E+000 -5.71429E-004
0.01619 0.07600 0.00000E+000 -7.61905E-004
0.02024 0.07600 0.00000E+000 -9.52381E-004
0.02429 0.07600 0.00000E+000 -8.57143E-004
0.02833 0.07600 0.00000E+000 -6.66667E-004
0.03238 0.07600 0.00000E+000 -4.76190E-004
0.03643 0.07600 0.00000E+000 -2.85714E-004
0.04048 0.07600 -1.71429E-004 0.00000E+000
0.04452 0.07600 -1.71429E-004 0.00000E+000
0.04857 0.07600 0.00000E+000 2.85714E-004
0.05262 0.07600 0.00000E+000 4.76190E-004
0.05667 0.07600 0.00000E+000 6.66667E-004
0.06071 0.07600 0.00000E+000 8.57143E-004
0.06476 0.07600 0.00000E+000 9.52381E-004
0.06881 0.07600 0.00000E+000 7.61905E-004
0.07286 0.07600 0.00000E+000 5.71429E-004
0.07690 0.07600 0.00000E+000 3.80952E-004
0.08095 0.07600 0.00000E+000 1.90476E-004
0.08500 0.07600 -0.00000E+000 -2.22045E-019
0.00000 0.08000 0.00000E+000 -0.00000E+000
0.00405 0.08000 0.00000E+000 -1.90476E-004
0.00810 0.08000 0.00000E+000 -3.80952E-004
0.01214 0.08000 0.00000E+000 -5.71429E-004
0.01619 0.08000 0.00000E+000 -7.61905E-004
0.02024 0.08000 0.00000E+000 -9.52381E-004
0.02429 0.08000 0.00000E+000 -8.57143E-004
0.02833 0.08000 0.00000E+000 -6.66667E-004
0.03238 0.08000 0.00000E+000 -4.76190E-004
0.03643 0.08000 0.00000E+000 -2.85714E-004
0.04048 0.08000 -2.85714E-004 0.00000E+000
0.04452 0.08000 -2.85714E-004 0.00000E+000
0.04857 0.08000 0.00000E+000 2.85714E-004
0.05262 0.08000 0.00000E+000 4.76190E-004
0.05667 0.08000 0.00000E+000 6.66667E-004
0.06071 0.08000 0.00000E+000 8.57143E-004
0.06476 0.08000 0.00000E+000 9.52381E-004
0.06881 0.08000 0.00000E+000 7.61905E-004
0.07286 0.08000 0.00000E+000 5.71429E-004
0.07690 0.08000 0.00000E+000 3.80952E-004
0.08095 0.08000 0.00000E+000 1.90476E-004
0.08500 0.08000 -0.00000E+000 -2.22045E-019
0.00000 0.08400 0.00000E+000 -0.00000E+000
0.00405 0.08400 0.00000E+000 -1.90476E-004
0.00810 0.08400 0.00000E+000 -3.80952E-004
0.01214 0.08400 0.00000E+000 -5.71429E-004
0.01619 0.08400 0.00000E+000 -7.61905E-004
0.02024 0.08400 0.00000E+000 -9.52381E-004
0.02429 0.08400 0.00000E+000 -8.57143E-004
0.02833 0.08400 0.00000E+000 -6.66667E-004
0.03238 0.08400 0.00000E+000 -4.76190E-004
0.03643 0.08400 -4.00000E-004 0.00000E+000
0.04048 0.08400 -4.00000E-004 0.00000E+000
0.04452 0.08400 -4.00000E-004 0.00000E+000
0.04857 0.08400 -4.00000E-004 0.00000E+000
0.05262 0.08400 0.00000E+000 4.76190E-004
0.05667 0.08400 0.00000E+000 6.66667E-004
0.06071 0.08400 0.00000E+000 8.57143E-004
0.06476 0.08400 0.00000E+000 9.52381E-004
0.06881 0.08400 0.00000E+000 7.61905E-004
0.07286 0.08400 0.00000E+000 5.71429E-004
0.07690 0.08400 0.00000E+000 3.80952E-004
0.08095 0.08400 0.00000E+000 1.90476E-004
0.08500 0.08400 -0.00000E+000 -2.22045E-019
0.00000 0.08800 0.00000E+000 -0.00000E+000
0.00405 0.08800 0.00000E+000 -1.90476E-004
0.00810 0.08800 0.00000E+000 -3.80952E-004
0.01214 0.08800 0.00000E+000 -5.71429E-004
0.01619 0.08800 0.00000E+000 -7.61905E-004
0.02024 0.08800 0.00000E+000 -9.52381E-004
0.02429 0.08800 0.00000E+000 -8.57143E-004
0.02833 0.08800 0.00000E+000 -6.66667E-004
0.03238 0.08800 -5.14286E-004 0.00000E+000
0.03643 0.08800 -5.14286E-004 0.00000E+000
0.04048 0.08800 -5.14286E-004 0.00000E+000
0.04452 0.08800 -5.14286E-004 0.00000E+000
0.04857 0.08800 -5.14286E-004 0.00000E+000
0.05262 0.08800 -5.14286E-004 0.00000E+000
0.05667 0.08800 0.00000E+000 6.66667E-004
0.06071 0.08800 0.00000E+000 8.57143E-004
0.06476 0.08800 0.00000E+000 9.52381E-004
0.06881 0.08800 0.00000E+000 7.61905E-004
0.07286 0.08800 0.00000E+000 5.71429E-004
0.07690 0.08800 0.00000E+000 3.80952E-004
0.08095 0.08800 0.00000E+000 1.90476E-004
0.08500 0.08800 -0.00000E+000 -2.22045E-019
0.00000 0.09200 0.00000E+000 -0.00000E+000
0.00405 0.09200 0.00000E+000 -1.90476E-004
0.00810 0.09200 0.00000E+000 -3.80952E-004
0.01214 0.09200 0.00000E+000 -5.71429E-004
0.01619 0.09200 0.00000E+000 -7.61905E-004
0.02024 0.09200 0.00000E+000 -9.52381E-004
0.02429 0.09200 0.00000E+000 -8.57143E-004
0.02833 0.09200 0.00000E+000 -6.66667E-004
0.03238 0.09200 -6.28571E-004 0.00000E+000
0.03643 0.09200 -6.28571E-004 0.00000E+000
0.04048 0.09200 -6.28571E-004 0.00000E+000
0.04452 0.09200 -6.28571E-004 0.00000E+000
0.04857 0.09200 -6.28571E-004 0.00000E+000
0.05262 0.09200 -6.28571E-004 0.00000E+000
0.05667 0.09200 0.00000E+000 6.66667E-004
0.06071 0.09200 0.00000E+000 8.57143E-004
0.06476 0.09200 0.00000E+000 9.52381E-004
0.06881 0.09200 0.00000E+000 7.61905E-004
0.07286 0.09200 0.00000E+000 5.71429E-004
0.07690 0.09200 0.00000E+000 3.80952E-004
0.08095 0.09200 0.00000E+000 1.90476E-004
0.08500 0.09200 -0.00000E+000 -2.22045E-019
0.00000 0.09600 0.00000E+000 -0.00000E+000
0.00405 0.09600 0.00000E+000 -1.90476E-004
0.00810 0.09600 0.00000E+000 -3.80952E-004
0.01214 0.09600 0.00000E+000 -5.71429E-004
0.01619 0.09600 0.00000E+000 -7.61905E-004
0.02024 0.09600 0.00000E+000 -9.52381E-004
0.02429 0.09600 0.00000E+000 -8.57143E-004
0.02833 0.09600 -7.42857E-004 0.00000E+000
0.03238 0.09600 -7.42857E-004 0.00000E+000
0.03643 0.09600 -7.42857E-004 0.00000E+000
0.04048 0.09600 -7.42857E-004 0.00000E+000
0.04452 0.09600 -7.42857E-004 0.00000E+000
0.04857 0.09600 -7.42857E-004 0.00000E+000
0.05262 0.09600 -7.42857E-004 0.00000E+000
0.05667 0.09600 -7.42857E-004 0.00000E+000
0.06071 0.09600 0.00000E+000 8.57143E-004
0.06476 0.09600 0.00000E+000 9.52381E-004
0.06881 0.09600 0.00000E+000 7.61905E-004
0.07286 0.09600 0.00000E+000 5.71429E-004
0.07690 0.09600 0.00000E+000 3.80952E-004
0.08095 0.09600 0.00000E+000 1.90476E-004
0.08500 0.09600 -0.00000E+000 -2.22045E-019
0.00000 0.10000 0.00000E+000 -0.00000E+000
0.00405 0.10000 0.00000E+000 -1.90476E-004
0.00810 0.10000 0.00000E+000 -3.80952E-004
0.01214 0.10000 0.00000E+000 -5.71429E-004
0.01619 0.10000 0.00000E+000 -7.61905E-004
0.02024 0.10000 0.00000E+000 -9.52381E-004
0.02429 0.10000 -8.57143E-004 0.00000E+000
0.02833 0.10000 -8.57143E-004 0.00000E+000
0.03238 0.10000 -8.57143E-004 0.00000E+000
0.03643 0.10000 -8.57143E-004 0.00000E+000
0.04048 0.10000 -8.57143E-004 0.00000E+000
0.04452 0.10000 -8.57143E-004 0.00000E+000
0.04857 0.10000 -8.57143E-004 0.00000E+000
0.05262 0.10000 -8.57143E-004 0.00000E+000
0.05667 0.10000 -8.57143E-004 0.00000E+000
0.06071 0.10000 0.00000E+000 8.57143E-004
0.06476 0.10000 0.00000E+000 9.52381E-004
0.06881 0.10000 0.00000E+000 7.61905E-004
0.07286 0.10000 0.00000E+000 5.71429E-004
0.07690 0.10000 0.00000E+000 3.80952E-004
0.08095 0.10000 0.00000E+000 1.90476E-004
0.08500 0.10000 -0.00000E+000 -2.22045E-019
0.00000 0.10400 0.00000E+000 -0.00000E+000
0.00405 0.10400 0.00000E+000 -1.90476E-004
0.00810 0.10400 0.00000E+000 -3.80952E-004
0.01214 0.10400 0.00000E+000 -5.71429E-004
0.01619 0.10400 0.00000E+000 -7.61905E-004
0.02024 0.10400 0.00000E+000 -9.52381E-004
0.02429 0.10400 -9.71429E-004 0.00000E+000
0.02833 0.10400 -9.71429E-004 0.00000E+000
0.03238 0.10400 -9.71429E-004 0.00000E+000
0.03643 0.10400 -9.71429E-004 0.00000E+000
0.04048 0.10400 -9.71429E-004 0.00000E+000
0.04452 0.10400 -9.71429E-004 0.00000E+000
0.04857 0.10400 -9.71429E-004 0.00000E+000
0.05262 0.10400 -9.71429E-004 0.00000E+000
0.05667 0.10400 -9.71429E-004 0.00000E+000
0.06071 0.10400 -9.71429E-004 0.00000E+000
0.06476 0.10400 0.00000E+000 9.52381E-004
0.06881 0.10400 0.00000E+000 7.61905E-004
0.07286 0.10400 0.00000E+000 5.71429E-004
0.07690 0.10400 0.00000E+000 3.80952E-004
0.08095 0.10400 0.00000E+000 1.90476E-004
0.08500 0.10400 -0.00000E+000 -2.22045E-019
0.00000 0.10800 0.00000E+000 -0.00000E+000
0.00405 0.10800 0.00000E+000 -1.90476E-004
0.00810 0.10800 0.00000E+000 -3.80952E-004
0.01214 0.10800 0.00000E+000 -5.71429E-004
0.01619 0.10800 0.00000E+000 -7.61905E-004
0.02024 0.10800 -9.14286E-004 0.00000E+000
0.02429 0.10800 -9.14286E-004 0.00000E+000
0.02833 0.10800 -9.14286E-004 0.00000E+000
0.03238 0.10800 -9.14286E-004 0.00000E+000
0.03643 0.10800 -9.14286E-004 0.00000E+000
0.04048 0.10800 -9.14286E-004 0.00000E+000
0.04452 0.10800 -9.14286E-004 0.00000E+000
0.04857 0.10800 -9.14286E-004 0.00000E+000
0.05262 0.10800 -9.14286E-004 0.00000E+000
0.05667 0.10800 -9.14286E-004 0.00000E+000
0.06071 0.10800 -9.14286E-004 0.00000E+000
0.06476 0.10800 -9.14286E-004 0.00000E+000
0.06881 0.10800 0.00000E+000 7.61905E-004
0.07286 0.10800 0.00000E+000 5.71429E-004
0.07690 0.10800 0.00000E+000 3.80952E-004
0.08095 0.10800 0.00000E+000 1.90476E-004
0.08500 0.10800 -0.00000E+000 -2.22045E-019
0.00000 0.11200 0.00000E+000 -0.00000E+000
0.00405 0.11200 0.00000E+000 -1.90476E-004
0.00810 0.11200 0.00000E+000 -3.80952E-004
0.01214 0.11200 0.00000E+000 -5.71429E-004
0.01619 0.11200 0.00000E+000 -7.61905E-004
0.02024 0.11200 -8.00000E-004 0.00000E+000
0.02429 0.11200 -8.00000E-004 0.00000E+000
0.02833 0.11200 -8.00000E-004 0.00000E+000
0.03238 0.11200 -8.00000E-004 0.00000E+000
0.03643 0.11200 -8.00000E-004 0.00000E+000
0.04048 0.11200 -8.00000E-004 0.00000E+000
0.04452 0.11200 -8.00000E-004 0.00000E+000
0.04857 0.11200 -8.00000E-004 0.00000E+000
0.05262 0.11200 -8.00000E-004 0.00000E+000
0.05667 0.11200 -8.00000E-004 0.00000E+000
0.06071 0.11200 -8.00000E-004 0.00000E+000
0.06476 0.11200 -8.00000E-004 0.00000E+000
0.06881 0.11200 0.00000E+000 7.61905E-004
0.07286 0.11200 0.00000E+000 5.71429E-004
0.07690 0.11200 0.00000E+000 3.80952E-004
0.08095 0.11200 0.00000E+000 1.90476E-004
0.08500 0.11200 -0.00000E+000 -2.22045E-019
0.00000 0.11600 0.00000E+000 -0.00000E+000
0.00405 0.11600 0.00000E+000 -1.90476E-004
0.00810 0.11600 0.00000E+000 -3.80952E-004
0.01214 0.11600 0.00000E+000 -5.71429E-004
0.01619 0.11600 -6.85714E-004 0.00000E+000
0.02024 0.11600 -6.85714E-004 0.00000E+000
0.02429 0.11600 -6.85714E-004 0.00000E+000
0.02833 0.11600 -6.85714E-004 0.00000E+000
0.03238 0.11600 -6.85714E-004 0.00000E+000
0.03643 0.11600 -6.85714E-004 0.00000E+000
0.04048 0.11600 -6.85714E-004 0.00000E+000
0.04452 0.11600 -6.85714E-004 0.00000E+000
0.04857 0.11600 -6.85714E-004 0.00000E+000
0.05262 0.11600 -6.85714E-004 0.00000E+000
0.05667 0.11600 -6.85714E-004 0.00000E+000
0.06071 0.11600 -6.85714E-004 0.00000E+000
0.06476 0.11600 -6.85714E-004 0.00000E+000
0.06881 0.11600 -6.85714E-004 0.00000E+000
0.07286 0.11600 0.00000E+000 5.71429E-004
0.07690 0.11600 0.00000E+000 3.80952E-004
0.08095 0.11600 0.00000E+000 1.90476E-004
0.08500 0.11600 -0.00000E+000 -2.22045E-019
0.00000 0.12000 0.00000E+000 -0.00000E+000
0.00405 0.12000 0.00000E+000 -1.90476E-004
0.00810 0.12000 0.00000E+000 -3.80952E-004
0.01214 0.12000 0.00000E+000 -5.71429E-004
0.01619 0.12000 -5.71429E-004 0.00000E+000
0.02024 0.12000 -5.71429E-004 0.00000E+000
0.02429 0.12000 -5.71429E-004 0.00000E+000
0.02833 0.12000 -5.71429E-004 0.00000E+000
0.03238 0.12000 -5.71429E-004 0.00000E+000
0.03643 0.12000 -5.71429E-004 0.00000E+000
0.04048 0.12000 -5.71429E-004 0.00000E+000
0.04452 0.12000 -5.71429E-004 0.00000E+000
0.04857 0.12000 -5.71429E-004 0.00000E+000
0.05262 0.12000 -5.71429E-004 0.00000E+000
0.05667 0.12000 -5.71429E-004 0.00000E+000
0.06071 0.12000 -5.71429E-004 0.00000E+000
0.06476 0.12000 -5.71429E-004 0.00000E+000
0.06881 0.12000 -5.71429E-004 0.00000E+000
0.07286 0.12000 0.00000E+000 5.71429E-004
0.07690 0.12000 0.00000E+000 3.80952E-004
0.08095 0.12000 0.00000E+000 1.90476E-004
0.08500 0.12000 -0.00000E+000 -2.22045E-019
0.00000 0.12400 0.00000E+000 -0.00000E+000
0.00405 0.12400 0.00000E+000 -1.90476E-004
0.00810 0.12400 0.00000E+000 -3.80952E-004
0.01214 0.12400 -4.57143E-004 0.00000E+000
0.01619 0.12400 -4.57143E-004 0.00000E+000
0.02024 0.12400 -4.57143E-004 0.00000E+000
0.02429 0.12400 -4.57143E-004 0.00000E+000
0.02833 0.12400 -4.57143E-004 0.00000E+000
0.03238 0.12400 -4.57143E-004 0.00000E+000
0.03643 0.12400 -4.57143E-004 0.00000E+000
0.04048 0.12400 -4.57143E-004 0.00000E+000
0.04452 0.12400 -4.57143E-004 0.00000E+000
0.04857 0.12400 -4.57143E-004 0.00000E+000
0.05262 0.12400 -4.57143E-004 0.00000E+000
0.05667 0.12400 -4.57143E-004 0.00000E+000
0.06071 0.12400 -4.57143E-004 0.00000E+000
0.06476 0.12400 -4.57143E-004 0.00000E+000
0.06881 0.12400 -4.57143E-004 0.00000E+000
0.07286 0.12400 -4.57143E-004 0.00000E+000
0.07690 0.12400 0.00000E+000 3.80952E-004
0.08095 0.12400 0.00000E+000 1.90476E-004
0.08500 0.12400 -0.00000E+000 -2.22045E-019
0.00000 0.12800 0.00000E+000 -0.00000E+000
0.00405 0.12800 0.00000E+000 -1.90476E-004
0.00810 0.12800 -3.42857E-004 0.00000E+000
0.01214 0.12800 -3.42857E-004 0.00000E+000
0.01619 0.12800 -3.42857E-004 0.00000E+000
0.02024 0.12800 -3.42857E-004 0.00000E+000
0.02429 0.12800 -3.42857E-004 0.00000E+000
0.02833 0.12800 -3.42857E-004 0.00000E+000
0.03238 0.12800 -3.42857E-004 0.00000E+000
0.03643 0.12800 -3.42857E-004 0.00000E+000
0.04048 0.12800 -3.42857E-004 0.00000E+000
0.04452 0.12800 -3.42857E-004 0.00000E+000
0.04857 0.12800 -3.42857E-004 0.00000E+000
0.05262 0.12800 -3.42857E-004 0.00000E+000
0.05667 0.12800 -3.42857E-004 0.00000E+000
0.06071 0.12800 -3.42857E-004 0.00000E+000
0.06476 0.12800 -3.42857E-004 0.00000E+000
0.06881 0.12800 -3.42857E-004 0.00000E+000
0.07286 0.12800 -3.42857E-004 0.00000E+000
0.07690 0.12800 -3.42857E-004 0.00000E+000
0.08095 0.12800 0.00000E+000 1.90476E-004
0.08500 0.12800 -0.00000E+000 -2.22045E-019
0.00000 0.13200 0.00000E+000 -0.00000E+000
0.00405 0.13200 0.00000E+000 -1.90476E-004
0.00810 0.13200 -2.28571E-004 0.00000E+000
0.01214 0.13200 -2.28571E-004 0.00000E+000
0.01619 0.13200 -2.28571E-004 0.00000E+000
0.02024 0.13200 -2.28571E-004 0.00000E+000
0.02429 0.13200 -2.28571E-004 0.00000E+000
0.02833 0.13200 -2.28571E-004 0.00000E+000
0.03238 0.13200 -2.28571E-004 0.00000E+000
0.03643 0.13200 -2.28571E-004 0.00000E+000
0.04048 0.13200 -2.28571E-004 0.00000E+000
0.04452 0.13200 -2.28571E-004 0.00000E+000
0.04857 0.13200 -2.28571E-004 0.00000E+000
0.05262 0.13200 -2.28571E-004 0.00000E+000
0.05667 0.13200 -2.28571E-004 0.00000E+000
0.06071 0.13200 -2.28571E-004 0.00000E+000
0.06476 0.13200 -2.28571E-004 0.00000E+000
0.06881 0.13200 -2.28571E-004 0.00000E+000
0.07286 0.13200 -2.28571E-004 0.00000E+000
0.07690 0.13200 -2.28571E-004 0.00000E+000
0.08095 0.13200 0.00000E+000 1.90476E-004
0.08500 0.13200 -0.00000E+000 -2.22045E-019
0.00000 0.13600 0.00000E+000 -0.00000E+000
0.00405 0.13600 -1.14286E-004 0.00000E+000
0.00810 0.13600 -1.14286E-004 0.00000E+000
0.01214 0.13600 -1.14286E-004 0.00000E+000
0.01619 0.13600 -1.14286E-004 0.00000E+000
0.02024 0.13600 -1.14286E-004 0.00000E+000
0.02429 0.13600 -1.14286E-004 0.00000E+000
0.02833 0.13600 -1.14286E-004 0.00000E+000
0.03238 0.13600 -1.14286E-004 0.00000E+000
0.03643 0.13600 -1.14286E-004 0.00000E+000
0.04048 0.13600 -1.14286E-004 0.00000E+000
0.04452 0.13600 -1.14286E-004 0.00000E+000
0.04857 0.13600 -1.14286E-004 0.00000E+000
0.05262 0.13600 -1.14286E-004 0.00000E+000
0.05667 0.13600 -1.14286E-004 0.00000E+000
0.06071 0.13600 -1.14286E-004 0.00000E+000
0.06476 0.13600 -1.14286E-004 0.00000E+000
0.06881 0.13600 -1.14286E-004 0.00000E+000
0.07286 0.13600 -1.14286E-004 0.00000E+000
0.07690 0.13600 -1.14286E-004 0.00000E+000
0.08095 0.13600 -1.14286E-004 0.00000E+000
0.08500 0.13600 -0.00000E+000 -2.22045E-019
0.00000 0.14000 0.00000E+000 -0.00000E+000
0.00405 0.14000 -0.00000E+000 0.00000E+000
0.00810 0.14000 -0.00000E+000 0.00000E+000
0.01214 0.14000 -0.00000E+000 0.00000E+000
0.01619 0.14000 -0.00000E+000 0.00000E+000
0.02024 0.14000 -0.00000E+000 0.00000E+000
0.02429 0.14000 -0.00000E+000 0.00000E+000
0.02833 0.14000 -0.00000E+000 0.00000E+000
0.03238 0.14000 -0.00000E+000 0.00000E+000
0.03643 0.14000 -0.00000E+000 0.00000E+000
0.04048 0.14000 -0.00000E+000 0.00000E+000
0.04452 0.14000 -0.00000E+000 0.00000E+000
0.04857 0.14000 -0.00000E+000 0.00000E+000
0.05262 0.14000 -0.00000E+000 0.00000E+000
0.05667 0.14000 -0.00000E+000 0.00000E+000
0.06071 0.14000 -0.00000E+000 0.00000E+000
0.06476 0.14000 -0.00000E+000 0.00000E+000
0.06881 0.14000 -0.00000E+000 0.00000E+000
0.07286 0.14000 -0.00000E+000 0.00000E+000
0.07690 0.14000 -0.00000E+000 0.00000E+000
0.08095 0.14000 -0.00000E+000 0.00000E+000
0.08500 0.14000 -0.00000E+000 -2.22045E-019